店铺名称,是否连锁,有无团购套餐,总评分,评论数,人均价格,口味评分,环境评分,服务评分,区域,分类,详细地址,纬度,经度,营业时间,推荐菜,评论摘要,shop_id,link,name_list_page,主营品类
KOI Thé(上海花木时光里店),连锁,有团购,4.1,258,23,4,4.1,4,塘桥,茶饮果汁,中国(上海)自由贸易试验区杨高南路99弄1号L1层106b商铺,31.37407778,121.5722448,10:00-22:00,"黄金珍奶, PEANUTS联名饼干奶茶, 浆果乳酪奶绿",,H23x3VF8c4xTS0G4,https://www.dianping.com/shop/H23x3VF8c4xTS0G4,KOI Thé(上海花木时光里店),奶茶
OT另茶(新天地店),连锁,有团购,4.2,1066,23,4.2,4.4,4.1,淮海路,茶饮果汁,淮海中路333号新天地广场地下二层21室,31.22844466,121.4806254,10:00-21:30,"雪域咸奶茶, 泰式咸奶酪, 泰式冰茶",,l17AgywN6RETDiD6,https://www.dianping.com/shop/l17AgywN6RETDiD6,OT另茶(新天地店),奶茶
阿嬷手作(上海国金中心店),连锁,有团购,4.1,2677,29,4.3,4.4,4.1,陆家嘴,茶饮果汁,陆家嘴国金中心商场LG2-56,31.24184835,121.5089927,14,"打·米麻薯, 斯里兰卡奶茶, 老椰清补凉",,l31cXToVtjm5vkQr,https://www.dianping.com/shop/l31cXToVtjm5vkQr,阿嬷手作(上海国金中心店),奶茶
KOI Thé(上海龙华会店),连锁,有团购,4.2,1033,22,4.2,4.4,4.5,龙华/西岸,茶饮果汁,"龙华路2778号龙华会B2（龙华地铁站2号口步行50米,麦当劳正对面）",31.17932266,121.4596995,09:30-22:00,"黄金珍奶, 饼干奶茶(原创）, 酒酿桂花黃金珍奶",,k4Khy9kaZ2ldWUHe,https://www.dianping.com/shop/k4Khy9kaZ2ldWUHe,KOI Thé(上海龙华会店),奶茶
THE MATCHA TOKYO今抹京茶(国金店),连锁,有团购,4.1,2332,38,4.1,4.2,4.1,陆家嘴,茶饮果汁,"陆家嘴街道世纪大道8号IFC国金中心商场LG1-2（东三门,电影院旁边）",31.24184835,121.5089927,08:30-22:00,"抹茶冰淇淋, 抹茶拿铁, 抹茶软冰淇淋",,G6y0ak3v9AU34pvh,https://www.dianping.com/shop/G6y0ak3v9AU34pvh,THE MATCHA TOKYO今抹京茶(国金店),甜品/小吃
KOI Thé(传媒港花园里店),连锁,有团购,4.5,494,22,4.6,4.4,4.5,龙华/西岸,茶饮果汁,龙爱路58号地下一层的B1-E-10-01商铺(龙耀路,,,13,"黄金珍奶, PEANUTS联名饼干奶茶, 浆果乳酪奶绿",,FAz3VyxAKU4f3rhQ,https://www.dianping.com/shop/FAz3VyxAKU4f3rhQ,KOI Thé(传媒港花园里店),奶茶
KOI Thé(徐汇万科广场店),连锁,有团购,4.3,546,22,4.1,4.3,4.2,上海南站,茶饮果汁,沪闵路9233号一层T3-L1-02b室,,,09:30-22:00,"黄金珍奶, PEANUTS联名饼干奶茶, 芋圓紅茶拿鐵",,H3FzddzHPoIhiSkQ,https://www.dianping.com/shop/H3FzddzHPoIhiSkQ,KOI Thé(徐汇万科广场店),奶茶
KOI Thé(虹桥国际机场店),连锁,有团购,4.3,441,21,4.5,4.3,4.3,虹桥枢纽,茶饮果汁,华漕镇虹桥机场2号航站楼东交通中心DF304(东交),31.20092434,121.3339742,14,"黄金珍奶, PEANUTS联名饼干奶茶, 浆果乳酪奶绿",,laUuEFTPcHSghhCj,https://www.dianping.com/shop/laUuEFTPcHSghhCj,KOI Thé(虹桥国际机场店),奶茶
KOI Thé(上海虹桥天地店),连锁,有团购,4.4,862,23,4.4,4.4,4.3,虹桥枢纽,茶饮果汁,申长路688号6层L6-06室,,,10:00-22:00,"黄金珍奶, 饼干奶茶(原创）, 浆果乳酪果茶",,kaePr0BRP7haoZw8,https://www.dianping.com/shop/kaePr0BRP7haoZw8,KOI Thé(上海虹桥天地店),奶茶
KOI Thé(天空万科广场店),连锁,有团购,4.2,756,22,4.2,4.2,4.1,国家会展中心,茶饮果汁,崧泽大道2229弄66号上海天空万科广场L3-40商铺,31.18256629,121.2596383,10:00-22:00,"黄金珍奶, PEANUTS联名饼干奶茶, 浆果乳酪奶绿",,kaGdb1c2tZjWKbEf,https://www.dianping.com/shop/kaGdb1c2tZjWKbEf,KOI Thé(天空万科广场店),奶茶
KOI Thé(嘉里合集店),连锁,有团购,4.3,929,22,4.4,4.3,4.2,上海火车站/客运汽车总站,茶饮果汁,天目西路218号裙房L2层2020-2室,31.21695928,121.4700052,10:00-22:00,"黄金珍奶, PEANUTS联名饼干奶茶, 红茶玛奇朵",,k2wouOmHNPRhFWFK,https://www.dianping.com/shop/k2wouOmHNPRhFWFK,KOI Thé(嘉里合集店),奶茶
KOI PLUS(中环广场新式茶馆店),连锁,有团购,4.5,708,27,4.5,4.5,4.5,淮海路,茶饮果汁,淮海中路381号上海中环广场1层L1-6号铺,39.88856427,116.3590212,10:00-22:00,"伯爵黄金珍奶, 轻盈饼干伯爵奶茶, 饼干伯爵奶茶",,G5yYDSIgWR97Xdmm,https://www.dianping.com/shop/G5yYDSIgWR97Xdmm,KOI PLUS(中环广场新式茶馆店),奶茶
裕莲茶楼(太古汇店),连锁,有团购,4,4284,29,4.2,4,4,南京西路,茶饮果汁,南京西路兴业太古汇LG2-M47（8号口M Stand斜对面）,31.23487229,121.4696073,08:00-21:30,"焦糖可颂蛋挞, 鹤顶红茶, 版纳溏心桃胶·临沧滇红",,k6BRXWx0ntPzWZkj,https://www.dianping.com/shop/k6BRXWx0ntPzWZkj,裕莲茶楼(太古汇店),纯茶
麦记牛奶公司(世博天地店),连锁,有团购,4.1,117,21,4.1,4,4.2,世博园,茶饮果汁,世博大道1467号商业C地下1层LG39b,39.87159263,116.4361055,10:00-22:00,"麦麦大满贯, 芒果白雪黑糯米, 榴莲白雪黑糯米",,H9A0Bz7RzrsJYFCP,https://www.dianping.com/shop/H9A0Bz7RzrsJYFCP,麦记牛奶公司(世博天地店),果茶
Coca Coca,非连锁,有团购,4.8,196,29,4.8,4.8,4.8,淮海路,茶饮果汁,复兴中路573-1号,,,,"开心果玫瑰椰罐罐, 玫瑰乌龙茶椰罐罐, 双层椰罐罐",,jE50qdNfy3bn8N88,https://www.dianping.com/shop/jE50qdNfy3bn8N88,Coca Coca,纯茶
OT另茶(上海静安久光店),连锁,有团购,4.1,573,24,4.1,4,4.2,静安寺,茶饮果汁,南京西路1618号久光百货B1FDB22-3店铺,31.28169153,121.4579117,10:00-22:00,"雪域咸奶茶, 血橙茉莉鲜柠茶, 泰式咸芝士",,G5kgxDfmYMbv41oQ,https://www.dianping.com/shop/G5kgxDfmYMbv41oQ,OT另茶(上海静安久光店),奶茶
椿田熟成茶行,非连锁,有团购,3.7,635,21,3.7,3.7,3.7,新天地/马当路,茶饮果汁,马当路245号新天地时尚地下一层130室,31.22408683,121.4813652,10:00-21:30,"黑武士·熟成普洱薯丸, 熟成话梅芭乐茉莉冰茶, 熟成话梅凤梨茉莉冰茶",,H61gEMMxSeQ4HyFJ,https://www.dianping.com/shop/H61gEMMxSeQ4HyFJ,椿田熟成茶行,果茶
Yee3·三号椰(上海首店),连锁,有团购,3.9,3129,22,4,4.1,4,徐家汇,茶饮果汁,肇嘉浜路1111号美罗城1楼22A（霸王茶姬隔壁）,31.19924401,121.4460939,10:00-22:00,"开心果椰子糖, 紫芋瀑布椰子糖, 海盐芝士椰子糖",,k2DhcYwqXB0OB9kb,https://www.dianping.com/shop/k2DhcYwqXB0OB9kb,Yee3·三号椰(上海首店),果茶
永民手作(金融街静安中心店),连锁,有团购,4.2,216,13,4.2,3.9,3.9,曹家渡,茶饮果汁,万航渡路746号一层（星巴克旁）,39.9131021,116.4593581,14,"黑糖珍珠奶茶, 布蕾黑糖珍珠, 黑糖珍珠奶绿",,G5JxYb3IW89B4fmM,https://www.dianping.com/shop/G5JxYb3IW89B4fmM,永民手作(金融街静安中心店),奶茶
淡马茶坊(上海嘉定嘉亭荟店),连锁,有团购,4.2,178,22,4.4,4.3,4.2,安亭嘉亭荟,茶饮果汁,墨玉南路1033-1055号,,,09:00-22:00,"白桃生榨黄皮, 闽南芭乐油柑王, 莲雾与桃",,k1Wp0L3ifGMIMWyM,https://www.dianping.com/shop/k1Wp0L3ifGMIMWyM,淡马茶坊(上海嘉定嘉亭荟店),其他
KOI PLUS(上海龙湖虹桥天街店),连锁,有团购,4.5,659,27,4.5,4.4,4.4,虹桥枢纽,茶饮果汁,申长路869号虹桥龙湖天街A馆1楼3号门126a,31.19721321,121.3203222,10:00-22:00,"伯爵黄金珍奶, 饼干伯爵奶茶, 伯爵波霸奶茶",,i1QhuML5MK4F5V2i,https://www.dianping.com/shop/i1QhuML5MK4F5V2i,KOI PLUS(上海龙湖虹桥天街店),奶茶
椿风手作(凯德luone店),连锁,有团购,4.3,1442,20,4.3,4.4,4.2,新天地/马当路,茶饮果汁,徐家汇路LuOne凯德晶萃广场B2层,31.21613146,121.4838155,10:00-21:30,"米布丁芋泥牛奶茶, 鲜炖小吊梨汤, 米布丁桂花酿",,l5bSgB482erZB9nq,https://www.dianping.com/shop/l5bSgB482erZB9nq,椿风手作(凯德luone店),甜品/小吃
裕莲茶楼(上海丰盛里店),连锁,有团购,4.1,1260,29,4.2,4.3,4,南京西路,茶饮果汁,茂名北路221号1层,,,10:00-21:30,"版纳溏心桃胶·临沧滇红, 關老爺红杏冰茶, 生奶油麻糬号角",,l8DAbvWpu5gXyxoU,https://www.dianping.com/shop/l8DAbvWpu5gXyxoU,裕莲茶楼(上海丰盛里店),纯茶
angtea艾熟茶(上海CP静安购物中心店),连锁,有团购,4.5,1502,15,4.6,4.3,4.6,静安寺,茶饮果汁,愚园路8号上海CP静安购物中心LG1-03号商铺（麦当劳隔壁）,31.70951597,121.5356466,10:00-22:00,"金牡丹巴特奶香, 枫香马斯卡彭, 金牡丹熟成茶冰",,G2oFus60ne0rTPDn,https://www.dianping.com/shop/G2oFus60ne0rTPDn,angtea艾熟茶(上海CP静安购物中心店),纯茶
东方茶三酒肆(松江万达广场店),连锁,有团购,4.5,154,20,4.4,4.6,4.7,松江万达广场,茶饮果汁,广富林路658号万达广场1号门（外广场）,39.91207909,116.231898,09:00-23:30,"坚果四宫格, 草莓趴趴熊, 金骏眉",,k4UQl2L2ChmCOmaE,https://www.dianping.com/shop/k4UQl2L2ChmCOmaE,东方茶三酒肆(松江万达广场店),其他
裕蘭茶楼(金桥太茂店),连锁,有团购,3.9,621,20,3.9,3.9,3.9,金桥,茶饮果汁,金桥太茂商业广场,31.3053762,121.3315473,10:00-22:00,"招牌焦糖可颂蛋挞, 卢布松蝴蝶酥, 黑糖波波牛乳茶",,Gadnfxa4vek9yd46,https://www.dianping.com/shop/Gadnfxa4vek9yd46,裕蘭茶楼(金桥太茂店),奶茶
淡马茶坊(蓝村路店),连锁,有团购,4.2,472,22,4.2,4.1,4.1,塘桥,茶饮果汁,蓝村路494号-1号,,,,"白桃生榨黄皮, 闽南芭乐油甘王, 莲雾与桃",,H8cX4h4ytN4BZeIM,https://www.dianping.com/shop/H8cX4h4ytN4BZeIM,淡马茶坊(蓝村路店),其他
麦记牛奶公司(港城新天地店),连锁,有团购,4.2,362,19,4.3,4.1,4,南汇新城,茶饮果汁,港城新天地二期,23.13240687,109.6089426,10:00-22:00,"鲜奶桃胶银耳满福, 麦麦大满贯, 芋圆仙草满福",,H7j87B5rxegIwuw7,https://www.dianping.com/shop/H7j87B5rxegIwuw7,麦记牛奶公司(港城新天地店),甜品/小吃
阿嬷手作(上海港汇恒隆广场店),连锁,有团购,3.9,5169,29,4.2,4.1,3.9,徐家汇,茶饮果汁,华山路港汇恒隆广场北座1楼165号商铺,31.20131314,121.444066,10:00-22:00,"打·米麻薯, 老椰清补凉, 斯里兰卡奶茶",,EtrVrNBpv9BamztQ,https://www.dianping.com/shop/EtrVrNBpv9BamztQ,阿嬷手作(上海港汇恒隆广场店),奶茶
礼厚茶肆(静安寺店),连锁,有团购,4.2,1029,22,4.2,4.2,4.3,静安寺,茶饮果汁,南京西路1818号1788广场1层111A-1单元,31.2286534,121.4505964,10:00-21:30,"闽南观音抹茶黑糖粉圆, 水涧观音工夫鲜奶茶, 闽南芭乐茉莉抹茶",,l3qj8cMYyCViafTz,https://www.dianping.com/shop/l3qj8cMYyCViafTz,礼厚茶肆(静安寺店),奶茶
淡马茶坊(上海浦东览海国际店),连锁,有团购,4.2,92,23,4.3,4.2,4.2,陆家嘴,茶饮果汁,陆家嘴街道世纪大道160号地下1层111a号,31.2367028,121.5286455,10:00-24:00,"白桃生榨黄皮, 闽南芭乐油柑王, 黄皮双榨",,H3QDjYnAIl3KziuH,https://www.dianping.com/shop/H3QDjYnAIl3KziuH,淡马茶坊(上海浦东览海国际店),其他
茶米有言(黄浦日月光店),连锁,有团购,4.2,391,16,4,4.3,4.2,日月光中心广场,茶饮果汁,徐家汇路618号1层TK-12茶米有言（田子坊2号门对面）,39.87410105,116.543303,08:00-22:00,"金玉米布炒米茶, 荞麦米布黄大茶, 鲜米豆腐花煎米茶",,l64JrQ6vYyWOYT47,https://www.dianping.com/shop/l64JrQ6vYyWOYT47,茶米有言(黄浦日月光店),纯茶
茶茶巫(康全路店),连锁,有团购,3.8,8,19,3.8,3.8,3.8,奉贤区,茶饮果汁,南桥镇康全路150弄3号楼B幢1层01室,30.92672674,121.5086055,14.5,"蜜桃轻乳茶, 桂圆撞奶, 青提王",,k2Co9MGbJ0LYDJV8,https://www.dianping.com/shop/k2Co9MGbJ0LYDJV8,茶茶巫(康全路店),果茶
裕蘭茶楼(新田360广场店),连锁,有团购,3.9,314,22,3.8,3.9,3.8,康桥/周浦,茶饮果汁,秀浦路668号新田360广场LG105室（B1层谷田稻香对面）,31.13168786,121.571682,10:00-22:00,"卢布松蝴蝶酥, 招牌焦糖可颂蛋挞, 黑糖波波牛乳茶",,k4vALkhy8adYGtb2,https://www.dianping.com/shop/k4vALkhy8adYGtb2,裕蘭茶楼(新田360广场店),奶茶
OT另茶(上海虹桥天地店),连锁,有团购,4.3,154,24,4.3,4.4,4.3,虹桥枢纽,茶饮果汁,新虹街道申长路688号4层L4-05室,31.19900037,121.3218986,10:00-22:00,"雪域咸奶茶, 血橙茉莉柠檬, 黑糖薯丸",,H3ehmYzTH6o6mmCn,https://www.dianping.com/shop/H3ehmYzTH6o6mmCn,OT另茶(上海虹桥天地店),奶茶
ChaTraMue手标泰式茶(CP静安店),连锁,有团购,3.9,4307,21,3.9,4,4,静安寺,茶饮果汁,愚园路68号CP静安LG1-15,31.70951597,121.5356466,10:00-22:00,"招牌泰茶, 招牌绿奶茶, 泰式双拼冰淇淋",,l3QaqIH8Qmoi52gk,https://www.dianping.com/shop/l3QaqIH8Qmoi52gk,ChaTraMue手标泰式茶(CP静安店),奶茶
阿狗手打·手作(古北1699店),连锁,有团购,4.3,240,11,4.3,4.2,4.3,虹桥镇,茶饮果汁,古北路1699号B232室,,,08:00-22:00,"牛奶·黑糖珍珠奶茶, 月光·黑糖珍珠奶茶, 高山·黑糖珍珠奶茶",,G5VbjayrQqgLWd7Q,https://www.dianping.com/shop/G5VbjayrQqgLWd7Q,阿狗手打·手作(古北1699店),奶茶
T9tea(前滩太古里店),连锁,有团购,4.4,3101,38,4.6,4.6,4.4,前滩,茶饮果汁,东育路500弄前滩太古里石区L2层S-L2-19号（Tiffany&Co.隔壁）,34.21682555,118.0276531,10:00-22:00,"海上白玉兰, 金色伯爵茶拿铁, 皇家伯爵拿铁",,H5YW2NGoqG6DylkD,https://www.dianping.com/shop/H5YW2NGoqG6DylkD,T9tea(前滩太古里店),纯茶
BONJOUR本就(环球港店),连锁,有团购,4.1,385,27,4.3,4.1,4.3,月星环球港,茶饮果汁,中山北路3300号环球港B2-162,31.24098378,121.4197603,10:00-22:00,"浮云鲜牛乳, 芭乐柠檬茶, 黑金芝麻牛乳",,k7XA7A100Kgb9F2Q,https://www.dianping.com/shop/k7XA7A100Kgb9F2Q,BONJOUR本就(环球港店),风味牛奶
阿嬷手作(上海万象城店),连锁,有团购,4.1,839,28,4.2,4.4,4.1,龙柏地区,茶饮果汁,吴中路1599号上海万象城L1-L112b,31.17613584,121.3759244,14,"打·米麻薯, 老椰清凉补, 抹茶茉莉奶茶",,G2Lpv2lnEUha0129,https://www.dianping.com/shop/G2Lpv2lnEUha0129,阿嬷手作(上海万象城店),奶茶
THE MATCHA TOKYO今抹京茶(武康路店),连锁,有团购,4.2,843,36,4.3,3.9,3.9,衡山路/复兴西路,茶饮果汁,武康路115号密丹公寓1楼,27.59607238,111.9328235,08:30-21:30,"抹茶软冰淇淋, 抹茶拿铁, 抹茶椰子杯装冰淇淋",,H1HrAGL20Uc5NUUs,https://www.dianping.com/shop/H1HrAGL20Uc5NUUs,THE MATCHA TOKYO今抹京茶(武康路店),甜品/小吃
BONJOUR本就(上海新天地时尚二期店),连锁,有团购,3.9,1743,26,3.9,3.9,3.9,新天地/马当路,茶饮果汁,马当路245号新天地时尚IIL121,31.22408683,121.4813652,10:00-22:00,"浮云鲜牛乳, 芭乐柠檬茶, 黑金芝麻",,l7RZHD7vYAy3xiiv,https://www.dianping.com/shop/l7RZHD7vYAy3xiiv,BONJOUR本就(上海新天地时尚二期店),果茶
永民手作(上海浦东金桥店),连锁,有团购,4.4,236,11,4.3,4.2,4.2,金桥,茶饮果汁,台儿庄路724号,,,10:00-22:00,"黑糖珍珠牛奶, 黑糖珍珠奶茶, 黑糖珍珠奶绿",,la4VRNFAiHKul0P2,https://www.dianping.com/shop/la4VRNFAiHKul0P2,永民手作(上海浦东金桥店),奶茶
裕莲茶楼(美罗城店),连锁,有团购,3.9,3207,28,4.2,3.9,3.9,徐家汇,茶饮果汁,肇嘉浜路1111号美罗城2楼18B,31.19924401,121.4460939,10:00-21:30,"焦糖可颂蛋挞, 生奶油麻糬号角, 南澳岛·冲浪鸳鸯",,l8u5wRCs0LkN21NY,https://www.dianping.com/shop/l8u5wRCs0LkN21NY,裕莲茶楼(美罗城店),其他
村上安·神奇本草东方茶(虹桥天地店),连锁,有团购,4.6,140,16,4.5,4.6,4.6,虹桥枢纽,茶饮果汁,申长路900号虹桥天地2号楼一层106a室,31.19791795,121.3202779,16,"东方美人, 桃胶米浆, 当代腰王",,k9mBV2xjrNcEhJmT,https://www.dianping.com/shop/k9mBV2xjrNcEhJmT,村上安·神奇本草东方茶(虹桥天地店),其他
万物皆可露·茶肆酒肆(上海首店),连锁,有团购,4.5,779,20,4.6,4.5,4.6,南京西路,茶饮果汁,江宁路85号,,,09:00-23:00,"紫苏梅子露, 梅渍小番茄, 咸梅凤梨露",,H4cVJ45K7sZSwy6V,https://www.dianping.com/shop/H4cVJ45K7sZSwy6V,万物皆可露·茶肆酒肆(上海首店),其他
TEASEVEN柒茶·新中式茶饮(成山路店),连锁,有团购,4,37,32,4,4,4,世博园,茶饮果汁,成山路1530号一楼（近华鹏路地铁站1/2号口）,23.09291116,113.3005798,15,"小种美式, 安吉白茶, 陈皮白茶",,HaUKiXVY35HAKEnp,https://www.dianping.com/shop/HaUKiXVY35HAKEnp,TEASEVEN柒茶·新中式茶饮(成山路店),纯茶
景迈森林(古华园店),连锁,有团购,4,275,62,3.9,4,4,南桥,茶饮果汁,南桥镇南桥新建中路137弄12号（古华公园北门）,30.92458667,121.4683222,17.5,"拉祜烤茶, 糯米粑粑, 西番莲米线",,l8tML0Cvxuzfp4lV,https://www.dianping.com/shop/l8tML0Cvxuzfp4lV,景迈森林(古华园店),纯茶
THE MATCHA TOKYO今抹京茶(张园店),连锁,有团购,4.5,277,36,4.4,4.3,4.5,南京西路,茶饮果汁,威海路588弄26号,31.20982972,121.4879638,14,"抹茶冰激凌, 抹茶拿铁, 抹茶软冰淇淋",,laYbWfhGoclVk9bs,https://www.dianping.com/shop/laYbWfhGoclVk9bs,THE MATCHA TOKYO今抹京茶(张园店),甜品/小吃
cococean椰子水(静安嘉里中心店),连锁,有团购,4.2,2364,30,4.5,4.2,4.3,静安寺,茶饮果汁,延安中路静安嘉里中心南区地下二层飨识里1218号SB2-20室,31.23043625,121.456319,09:00-22:00,"椰子三兄弟, 小青瓜椰子水, 糯糯芋泥清补凉",,G2OMXGvE7kj28HJb,https://www.dianping.com/shop/G2OMXGvE7kj28HJb,cococean椰子水(静安嘉里中心店),奶茶
上山喝茶(永康路店),连锁,有团购,3.9,633,21,3.8,4.1,4,音乐学院/五官科医院,茶饮果汁,永康路21号,,,15,"滇红拿铁, 黄油红糖熟普, 黄油乳扇厚拿铁",,Cyi5UGRxQKVGN0bx,https://www.dianping.com/shop/Cyi5UGRxQKVGN0bx,上山喝茶(永康路店),纯茶
裕莲茶楼(长宁龙之梦店),连锁,有团购,3.9,1169,28,4,4.1,3.9,中山公园/江苏路,茶饮果汁,长宁路1018号长宁龙之梦一层1061&1063号铺,31.22401813,121.4203628,10:00-21:30,"焦糖可颂蛋挞, 版纳溏心桃胶·岩韵大红袍, 生奶油麻糬号角",,k6E5dJqLtHuhN9PL,https://www.dianping.com/shop/k6E5dJqLtHuhN9PL,裕莲茶楼(长宁龙之梦店),其他
一砸iZA Tea,非连锁,有团购,4.5,1377,30,4.7,4.3,4.5,肇嘉浜路/中山医院,茶饮果汁,大木桥路18号玖时活力中心三楼3002室,31.20728189,121.4735982,13,"菠萝甜酒, 超浓芋香芋奶茶, 自家制·黑糖鲜牛乳",,l77YNFoscjncx75S,https://www.dianping.com/shop/l77YNFoscjncx75S,一砸iZA Tea,奶茶
OT另茶(上海幸福里店),连锁,有团购,4.2,1024,24,4.3,4.4,4.1,上海影城/新华路,茶饮果汁,番禺路381号6号楼1楼101室,,,10:00-21:30,"雪域奶盖咸奶茶, 金桂乌龙米酿, 泰式冰茶",,G9DlxgmGda5L5V6N,https://www.dianping.com/shop/G9DlxgmGda5L5V6N,OT另茶(上海幸福里店),纯茶
FIVEMATE·南美特色饮(浦东世纪汇店),连锁,有团购,4.2,1114,22,4.1,4.3,4.2,世纪大道,茶饮果汁,世纪大道1198号世纪商场LG1层食忆里A24号（肥汁米蘭香港米线对面）,31.23332334,121.5338082,09:00-21:30,"香水马黛, 玉兰马黛, 雨林探秘",,k2KNVaH22A5IaOb5,https://www.dianping.com/shop/k2KNVaH22A5IaOb5,FIVEMATE·南美特色饮(浦东世纪汇店),其他
麦记牛奶公司(永德路店),连锁,有团购,4.3,112,18,4.3,4.2,4.1,吴泾镇,茶饮果汁,吴泾镇永德路41号,31.04944803,121.4732454,10:00-23:00,"麦麦大满贯, 芋圆仙草满福, 银耳桃胶满福",,l8xJIwquIzryMhBm,https://www.dianping.com/shop/l8xJIwquIzryMhBm,麦记牛奶公司(永德路店),甜品/小吃
T9tea(世纪汇店),连锁,有团购,4.6,2710,51,4.7,4.7,4.7,世纪大道,茶饮果汁,世纪大道1192号世纪汇广场2座1楼L1-027-1号商铺,31.23332334,121.5338082,10:00-22:00,"金色伯爵茶拿铁, 海上白玉兰, 无酒精热红酒果茶",,l9j3EMcNyeFkUDgK,https://www.dianping.com/shop/l9j3EMcNyeFkUDgK,T9tea(世纪汇店),纯茶
通玄(人民东路店),连锁,有团购,4.1,39,53,4,4.2,4.1,惠南镇,茶饮果汁,人民东路2523弄1号,31.22784692,121.5026383,10:00-22:00,"九品莲花茶, 精美茶点, 三鹤六堡茶",,EUwEeeqdeVwDqhZB,https://www.dianping.com/shop/EUwEeeqdeVwDqhZB,通玄(人民东路店),纯茶
裕莲茶楼(维璟印象城店),连锁,有团购,4.3,1637,28,4.4,4.4,4.2,七宝,茶饮果汁,七莘路1507号莘庄维璟印象城商场2层（西树泡芙隔壁）,31.11358601,121.3842578,10:00-21:30,"焦糖可颂蛋挞, 生奶油麻糬号角, 版纳溏心桃胶·临沧滇红",,k135byEw3WobGb6y,https://www.dianping.com/shop/k135byEw3WobGb6y,裕莲茶楼(维璟印象城店),其他
裕莲茶楼(前滩晶耀店),连锁,有团购,4,2248,26,4.2,4.1,4,前滩,茶饮果汁,耀体路308号晶耀前滩北区B112,31.15903846,121.4822755,10:00-21:30,"焦糖可颂蛋挞, 版纳溏心桃胶·临沧滇红, 南澳岛·冲浪鸳鸯",,HaUJPa5L9EzROYGM,https://www.dianping.com/shop/HaUJPa5L9EzROYGM,裕莲茶楼(前滩晶耀店),其他
tea'stone(蟠龙天地店),连锁,有团购,4.3,1199,53,4.1,4.4,4.1,国家会展中心,茶饮果汁,蟠鼎路123弄1号PL123室,31.2213423,121.4581522,10:00-22:00,"陈年白茶, 老树红茶, 碎银子",,G9W7UuYjemKmPsn6,https://www.dianping.com/shop/G9W7UuYjemKmPsn6,tea'stone(蟠龙天地店),纯茶
阿嬷手作(上海长宁来福士店),连锁,有团购,4.1,2738,29,4.3,4.2,4,中山公园/江苏路,茶饮果汁,长宁来福士广场店H2号L1,31.22274453,121.4211429,10:00-22:00,"打·米麻薯, 老椰清补凉, 斯里兰卡",,H1XRvXfEOdOASV6Y,https://www.dianping.com/shop/H1XRvXfEOdOASV6Y,阿嬷手作(上海长宁来福士店),其他
金茶局,非连锁,有团购,4.7,87,74,4.5,4.5,4.6,金桥,茶饮果汁,金高路2087号,,,10:00-22:00,"精美茶点心, 金骏眉, 龙井茉莉",,H13uM6wVstmLdYgJ,https://www.dianping.com/shop/H13uM6wVstmLdYgJ,金茶局,纯茶
BONJOUR本就(上海世纪汇店),连锁,有团购,4,1539,26,3.9,4,3.9,世纪大道,茶饮果汁,世纪汇广场LG1-A27（近地铁世纪大道站11号口）,31.23332334,121.5338082,10:00-22:00,"浮云鲜牛乳, 黑金芝麻牛乳, 芭乐柠檬茶",,G60GOo1hysPghdw7,https://www.dianping.com/shop/G60GOo1hysPghdw7,BONJOUR本就(上海世纪汇店),风味牛奶
小山堂(大学路店),连锁,有团购,4.2,543,25,4.2,4.4,4.2,五角场/大学路,茶饮果汁,大学路59号,,,09:30-22:00,"手工冰淇淋, 玫瑰酒酿米薏乳, 轻体羽衣甘蓝汁",,H62ElGItPY9gokRs,https://www.dianping.com/shop/H62ElGItPY9gokRs,小山堂(大学路店),甜品/小吃
BONJOUR本就(上海漕河泾印象城店),连锁,有团购,4.3,875,25,4.2,4.3,4.4,漕河泾/田林,茶饮果汁,古美路1520号18幢漕河泾印象城1层L1-02a室,31.17374352,121.4097022,15,"浮云鲜牛乳, 黑金芝麻牛乳, 芭乐柠檬茶",,l2ZD4uTd7RsQvTow,https://www.dianping.com/shop/l2ZD4uTd7RsQvTow,BONJOUR本就(上海漕河泾印象城店),风味牛奶
THE MATCHA TOKYO今抹京茶(前滩太古里店),连锁,有团购,4.2,3335,37,4.4,4.3,4.3,前滩,茶饮果汁,东育路500弄1-9号前滩太古里石区B1层S1-B1-1-19,34.21682555,118.0276531,08:30-21:30,"抹茶拿铁, 抹茶软冰淇淋, 特浓抹茶咖啡啫喱芭菲",,H8li1qUvNXgRzlJC,https://www.dianping.com/shop/H8li1qUvNXgRzlJC,THE MATCHA TOKYO今抹京茶(前滩太古里店),纯茶
盏檐(智慧湾店),连锁,有团购,4.7,337,22,4.5,4.6,4.6,庙行/共康,茶饮果汁,蕰川路6号智慧湾科创园39号楼107室（和府捞面旁）,31.35132014,121.4400978,13.5,"把把壶六堡轻乳茶, 冷萃, 把把壶大红袍茶拿铁",,G5cKLdoPaFt4Zrkr,https://www.dianping.com/shop/G5cKLdoPaFt4Zrkr,盏檐(智慧湾店),纯茶
cococean椰子水(新天地店),连锁,有团购,4.2,1356,30,4.4,4.2,4.3,淮海路,茶饮果汁,淮海中路333号新天地下1层05a、05b室,30.74148037,104.0581241,08:00-22:00,"椰子三兄弟, 新鲜椰子水, 零负担椰奶",,G8XjwzFn7c4ia8v5,https://www.dianping.com/shop/G8XjwzFn7c4ia8v5,cococean椰子水(新天地店),奶茶
BONJOUR本就(上海花木时光里店),连锁,有团购,4,385,28,4,4.3,4.1,世纪公园/科技馆,茶饮果汁,杨高南路99弄1号花木时光里商业1区1层106a号,30.83676142,111.8018968,09:00-22:00,"浮云鲜牛乳, 海盐开心果, 黑金芝麻牛乳",,H4oUJboLqjY58Q6I,https://www.dianping.com/shop/H4oUJboLqjY58Q6I,BONJOUR本就(上海花木时光里店),风味牛奶
BONJOUR本就(上海荟聚店),连锁,有团购,3.8,927,26,3.9,4.1,3.8,北新泾/淞虹路,茶饮果汁,金钟路788号B1层B1B18号,,,10:00-22:00,"浮云鲜牛乳, 芭乐柠檬茶, 黑金芝麻牛乳",,H2C6ZCQy1Euet2QN,https://www.dianping.com/shop/H2C6ZCQy1Euet2QN,BONJOUR本就(上海荟聚店),风味牛奶
闻茶问枼(玖時活力中心店),连锁,有团购,4.4,529,20,4.3,4.4,4.5,肇嘉浜路/中山医院,茶饮果汁,大木桥路18号L1008-1室,,,10:00-22:00,"金骏眉牛乳茶, 铁观音乌梅, 铁观音牛乳",,G94ueJPFEVc7qFtu,https://www.dianping.com/shop/G94ueJPFEVc7qFtu,闻茶问枼(玖時活力中心店),风味牛奶
里美里香teaHouse,非连锁,有团购,4.3,204,38,4.1,4.6,4.4,赵巷镇,茶饮果汁,里美里香TeaHouse,23.0633629,113.8168606,14.5,"橘皮拿铁, 茉莉青柠, 乳斯蛋糕",,k1uHbTkU09lAt0uE,https://www.dianping.com/shop/k1uHbTkU09lAt0uE,里美里香teaHouse,甜品/小吃
麥吉machi machi(上海商城店),连锁,有团购,3.9,215,25,3.9,3.9,3.8,静安寺,茶饮果汁,南京西路1376号,,,14.5,"芝士奶茶, 烤布蕾奶茶, 奶酪奶绿",,l2qJryNg5evkIR4P,https://www.dianping.com/shop/l2qJryNg5evkIR4P,麥吉machi machi(上海商城店),奶茶
裕蘭茶楼mini(余姚路店),连锁,有团购,3.5,51,19,3.4,3.6,3.5,曹家渡,茶饮果汁,余姚路589号一层A1室,,,14,"焦糖可颂蛋挞, 黑糖波波牛乳茶, 桃胶红枣牛乳茶",,H1IAKJYafvJykfDz,https://www.dianping.com/shop/H1IAKJYafvJykfDz,裕蘭茶楼mini(余姚路店),奶茶
木叒茶屋,非连锁,有团购,4.3,98,61,4.2,4.6,4.4,奉贤区,茶饮果汁,青村镇李窑村609号,30.92267464,121.59936,13,"热榛子拿铁, 草莓牛乳茶, 金牡丹",,G89V0yzbcuMAHJkv,https://www.dianping.com/shop/G89V0yzbcuMAHJkv,木叒茶屋,果茶
日尝(青春坊店),连锁,有团购,4.1,71,18,4.2,4.1,4,华新镇,茶饮果汁,新凤中路888弄青春坊招商中心,31.22920559,121.2339103,10:00-21:30,"草莓大福, 红岩珍奶, 开心果茉莉冰",,FQJGuckjvbUq1Hks,https://www.dianping.com/shop/FQJGuckjvbUq1Hks,日尝(青春坊店),纯茶
LA FRAICHEUR.水果工作室(长乐路店),连锁,有团购,4.3,403,36,4.2,4.3,4.1,淮海路,茶饮果汁,长乐路175号临2,19.46715643,109.5733879,09:00-24:00,"麦草汁, 疯狂的莓莓, 粉红豹果蔬汁",,HaWwk91Df1pOskdV,https://www.dianping.com/shop/HaWwk91Df1pOskdV,LA FRAICHEUR.水果工作室(长乐路店),其他
淡马茶坊(闵行虹桥天街店),连锁,有团购,4.2,333,22,4.2,4.3,4.2,虹桥枢纽,茶饮果汁,申长路869号虹桥龙湖天街A-B2-08号铺,31.19721321,121.3203222,10:00-22:00,"白桃生榨黄皮, 闽南芭乐油柑王, 白桃油柑王",,G19AWZuhGfjOyolR,https://www.dianping.com/shop/G19AWZuhGfjOyolR,淡马茶坊(闵行虹桥天街店),其他
哈茶福(真如环宇城MAX店),连锁,有团购,4.2,903,22,4.3,4.4,4.2,真如,茶饮果汁,铜川路699弄1号上海真如环宇城MAX-L1021号,31.25952361,121.3970964,10:00-22:00,"玫瑰乌龙厚neinei, 牡丹红厚neinei, 玫瑰乌龙茶",,H5oSzX8dfJh5Uln2,https://www.dianping.com/shop/H5oSzX8dfJh5Uln2,哈茶福(真如环宇城MAX店),纯茶
梧桐茶室,非连锁,有团购,4.4,71,82,4.3,4.6,4.5,音乐学院/五官科医院,茶饮果汁,桃江路15号-1F,,,14,"桂花老铁, 古树滇红, 柿子肉桂蛋糕",,H2o3nyfmRbnwGIWD,https://www.dianping.com/shop/H2o3nyfmRbnwGIWD,梧桐茶室,纯茶
阿嬷手作(上海新天地店),连锁,有团购,4,8467,28,4.1,4,3.9,新天地/马当路,茶饮果汁,兴业路123弄6号楼1楼01/02单元,31.2213423,121.4581522,10:00-22:00,"手作·米麻薯水牛乳茶, 打·米麻薯, 老椰清补凉",,l4t8HyQKpCAbPEPs,https://www.dianping.com/shop/l4t8HyQKpCAbPEPs,阿嬷手作(上海新天地店),纯茶
喜茶(上海长兴岛阳光天地店),连锁,有团购,4.2,326,19,4.3,4.2,4.2,长兴岛,茶饮果汁,长兴江南大道与兴坤路交汇处长兴阳光天地L1012+L1013,30.95513826,121.3394773,09:30-22:30,"烤黑糖波波牛乳(首创), 多肉葡萄(首创), 烤黑糖波波真乳茶",,G1clXJwF681FqcCs,https://www.dianping.com/shop/G1clXJwF681FqcCs,喜茶(上海长兴岛阳光天地店),奶茶
CHAGEE霸王茶姬(崇明阳光天地店),连锁,有团购,4.1,133,20,4.2,4.2,4.1,长兴岛,茶饮果汁,兴纳路58弄23号L019-L020室,41.75627077,123.4688865,09:00-21:00,"山野栀子, 花田乌龙, 春日桃桃",,l8BhIaeuoHGtpRcU,https://www.dianping.com/shop/l8BhIaeuoHGtpRcU,CHAGEE霸王茶姬(崇明阳光天地店),纯茶
喜茶(上海崇明陈彷公路店),连锁,有团购,3.8,120,17,3.7,3.8,3.6,陈家镇,茶饮果汁,陈彷公路121号,31.526314,121.753366,10:00-22:00,"烤黑糖波波真乳茶, 椰椰芒芒, 多肉桃李(首创)",,H8jbYMnGYL767PrA,https://www.dianping.com/shop/H8jbYMnGYL767PrA,喜茶(上海崇明陈彷公路店),奶茶
喜茶(上海崇明堡镇店),连锁,有团购,4.1,235,18,4.1,4.1,4,堡镇,茶饮果汁,堡镇堡镇中路174号,31.54358883,121.6265914,10:00-22:00,"多肉葡萄(首创), 多肉桃李(首创), 烤黑糖波波牛乳茶",,k6Rr2TcZQr2AkV4t,https://www.dianping.com/shop/k6Rr2TcZQr2AkV4t,喜茶(上海崇明堡镇店),果茶
LELECHA乐乐茶(上海崇明万达广场店),连锁,有团购,4,172,20,4,4,4,南门,茶饮果汁,城桥镇崇明大道8388号三层3055,31.59635286,121.4939363,10:00-22:00,"黑糖波霸脏脏茶（牛乳）, 草莓桃子酪酪, 葡萄酪酪",,l3jVwEPdU8CbUdUS,https://www.dianping.com/shop/l3jVwEPdU8CbUdUS,LELECHA乐乐茶(上海崇明万达广场店),奶茶
爷爷不泡茶 NOYEYENOTEA(上海奉贤龙湖金汇天街店),连锁,有团购,3.7,76,17,3.7,3.7,3.7,金汇镇,茶饮果汁,南行港路388号A-B1-13aa、A-B1-13b号,,,09:00-21:30,"荔枝冰酿, 武汉茉莉, 初恋玫瑰青提",,k1ReskLNVsBlq4JE,https://www.dianping.com/shop/k1ReskLNVsBlq4JE,爷爷不泡茶 NOYEYENOTEA(上海奉贤龙湖金汇天街店),纯茶
CHAGEE霸王茶姬(上海松江万达金街店),连锁,有团购,4.5,1933,20,4.6,4.5,4.5,松江万达广场,茶饮果汁,松江万达5号门对面,31.06447493,121.2507714,,"伯牙绝弦, 春日桃桃, 桂馥兰香",,l8pLjVpb0Ep5939U,https://www.dianping.com/shop/l8pLjVpb0Ep5939U,CHAGEE霸王茶姬(上海松江万达金街店),其他
CHAGEE霸王茶姬(上海金山五福商业广场店),连锁,有团购,4.5,757,18,4.6,4.5,4.5,五福商业广场,茶饮果汁,朱泾镇东风路21号1层,30.89832335,121.1723567,08:00-22:00,"花田乌龙, 春日桃桃, 山野栀子",,l2C35MPd0WvtrbeC,https://www.dianping.com/shop/l2C35MPd0WvtrbeC,CHAGEE霸王茶姬(上海金山五福商业广场店),纯茶
茉莉奶白(上海大学聚丰园路店),连锁,有团购,4.7,621,18,4.7,4.6,4.6,上海大学,茶饮果汁,聚丰园路9弄1号-1,31.329838,121.453471,08:00-23:00,"茉莉奶白, 一朵茉莉花, 栀子奶白",,FSaLy1hZtBtPTHJ1,https://www.dianping.com/shop/FSaLy1hZtBtPTHJ1,茉莉奶白(上海大学聚丰园路店),奶茶
CHAGEE霸王茶姬(上海崇明万达店),连锁,有团购,4.1,874,20,4.1,4.1,4,南门,茶饮果汁,城桥镇崇明大道8388号一层1076A室,31.59635286,121.4939363,10:30-21:30,"花田乌龙, 山野栀子, 年度新品雪顶",,k4FB8NjLbxGwWdqU,https://www.dianping.com/shop/k4FB8NjLbxGwWdqU,CHAGEE霸王茶姬(上海崇明万达店),纯茶
CHAGEE霸王茶姬(上海松江印象城店),连锁,有团购,4.5,1089,19,4.6,4.5,4.3,松江大学城,茶饮果汁,广富林街道广富林路1788弄1号松江印象城负一楼B156号店铺,31.0674627,121.2287862,10:00-22:00,"伯牙绝弦, 山野栀子, 花田乌龙",,k9QnCTn9IfCAbm0y,https://www.dianping.com/shop/k9QnCTn9IfCAbm0y,CHAGEE霸王茶姬(上海松江印象城店),纯茶
茉莉奶白(上海闵行龙湖天街店),连锁,有团购,4.1,87,19,4.1,4.1,4.1,老闵行/交大师大,茶饮果汁,剑川路1000号龙湖天街3楼A-3F-C03单元,39.69360577,116.3249822,10:00-22:00,"栀子奶白, 开心果茉莉椰, 茉莉奶白",,l3akBGHEWBamB3Q9,https://www.dianping.com/shop/l3akBGHEWBamB3Q9,茉莉奶白(上海闵行龙湖天街店),奶茶
喜茶(迪士尼小镇·平行宇宙店),连锁,有团购,4,6755,24,4.1,4.1,3.8,迪士尼,茶饮果汁,申迪西路255弄607号迪士尼小镇入口处,40.17091143,116.2870926,10:00-22:00,"轻芝莓莓, 多肉葡萄（首创）, 芝芝芒芒（首创）",,kaiblNALqN9Q7qhi,https://www.dianping.com/shop/kaiblNALqN9Q7qhi,喜茶(迪士尼小镇·平行宇宙店),果茶
麥吉machi machi(外滩店),连锁,有团购,3.9,8084,27,4,3.9,3.9,外滩,茶饮果汁,中山东二路12号一楼,31.245321,121.487889,09:30-19:30,"奶酪奶茶, 烤布蕾奶茶, 草莓鲜奶",,G7kiRvbXlhcfU3Vd,https://www.dianping.com/shop/G7kiRvbXlhcfU3Vd,麥吉machi machi(外滩店),奶茶
喜茶(上海崇明万达店),连锁,有团购,3.8,539,20,3.8,3.8,3.8,南门,茶饮果汁,崇明大道8388号1F层1031号商铺,31.632266,121.424366,10:00-22:00,"轻芝多肉葡萄, 多肉葡萄(首创), 芝芝芒芒（首创）",,l4FTKP8736VgeovQ,https://www.dianping.com/shop/l4FTKP8736VgeovQ,喜茶(上海崇明万达店),果茶
去茶山(苏河湾万象天地店),连锁,有团购,3.8,2317,24,3.9,4,3.9,苏河湾,茶饮果汁,福建北路100号苏河湾万象天地LG264号,31.2265628,121.4123356,07:30-23:00,"芝士贵州铜仁抹茶牛奶茶, 芝士普洱牛奶茶, 芭乐生椰铜仁抹茶",,H6epNpB7i79DxQsO,https://www.dianping.com/shop/H6epNpB7i79DxQsO,去茶山(苏河湾万象天地店),奶茶
茉莉奶白(上海浦东新环广场店),连锁,有团购,4.1,238,17,4.1,4.1,4,新场,茶饮果汁,新场镇新环西路989号新环广场1F142号,31.03614619,121.6435187,10:00-22:00,"一朵茉莉花, 栀子奶白, 茉莉奶白",,l3y4Uw07h41tDsZJ,https://www.dianping.com/shop/l3y4Uw07h41tDsZJ,茉莉奶白(上海浦东新环广场店),奶茶
阿狗手打·手作(浦东临港大学城店),连锁,有团购,4.1,27,10,4,4,4,南汇新城,茶饮果汁,南汇新城镇沪城环路699弄143-1号(海事共享区汇海广场),30.88698941,121.9081511,10:00-22:00,"海盐布蕾·黑糖珍珠奶茶, 手打柠檬茶, 超爽柠檬水",,H7cl91LVyTO5j2XG,https://www.dianping.com/shop/H7cl91LVyTO5j2XG,阿狗手打·手作(浦东临港大学城店),果茶
CHAGEE霸王茶姬(上海虹桥天地店),连锁,有团购,4.3,881,20,4.4,4.4,4.3,虹桥枢纽,茶饮果汁,申长路688号虹桥天地南区1楼129室,31.19791795,121.3202779,08:00-23:30,"伯牙绝弦, 山野栀子, 桂馥兰香",,H1mSI25dPMVcxgtJ,https://www.dianping.com/shop/H1mSI25dPMVcxgtJ,CHAGEE霸王茶姬(上海虹桥天地店),其他
茉莉奶白(上海龙之梦店),连锁,有团购,4.2,3099,19,4.2,4.2,4.1,中山公园/江苏路,茶饮果汁,长宁路龙之梦城市生活中心一楼1065号,31.27676275,121.484597,09:00-21:30,"茉莉奶白, 一朵茉莉花, 栀子奶白",,G9qjaMgJVMRha7m5,https://www.dianping.com/shop/G9qjaMgJVMRha7m5,茉莉奶白(上海龙之梦店),奶茶
茉莉奶白(上海宝山万达店),连锁,有团购,4.2,1545,18,4.3,4.3,4.3,宝山万达广场,茶饮果汁,一二八纪念路万达广场1楼125号商铺,39.91207909,116.231898,09:00-22:00,"茉莉奶白, 一朵茉莉花, 栀子奶白",,H2quexcXmP02GQ1J,https://www.dianping.com/shop/H2quexcXmP02GQ1J,茉莉奶白(上海宝山万达店),奶茶
喜茶(上海金山枫泾古镇店),连锁,有团购,4.2,238,18,4.1,4.2,4.1,枫泾镇,茶饮果汁,枫泾镇中大街233-235号,30.8932601,121.0218225,10:00-22:00,"多肉葡萄(首创), 烤黑糖波波牛乳(首创), 多肉桃李(首创)",,G4vVWu1Ux2R6W08m,https://www.dianping.com/shop/G4vVWu1Ux2R6W08m,喜茶(上海金山枫泾古镇店),果茶
Uniboba优尼波巴(上海宝山龙湖天街店),连锁,有团购,4.2,100,17,4.2,4.1,4.3,顾村公园,茶饮果汁,龙湖天街A-b1层C04（秦碗会对面）,31.37465362,121.4543397,10:00-22:00,"Boba奶茶黑糖丸, 红茶牛乳咸法酪, Boba水牛乳黑糖丸",,G78oouvGrNxKz018,https://www.dianping.com/shop/G78oouvGrNxKz018,Uniboba优尼波巴(上海宝山龙湖天街店),奶茶
CHAGEE霸王茶姬(嘉亭荟城市生活广场店),连锁,有团购,4.4,236,20,4.4,4.4,4.3,安亭嘉亭荟,茶饮果汁,墨玉南路1077号111室,31.293938,121.16934,,"春日桃桃, 花田乌龙, 白雾红尘",,ilRNcuYHnA1oSL4f,https://www.dianping.com/shop/ilRNcuYHnA1oSL4f,CHAGEE霸王茶姬(嘉亭荟城市生活广场店),纯茶
茉莉奶白(上海宝杨宝龙广场店),连锁,有团购,4.5,1231,18,4.5,4.4,4.3,宝山城区/吴淞,茶饮果汁,同济路669弄4号宝杨宝龙广场第L1层M1,31.40666613,121.4949601,09:00-22:00,"茉莉奶白, 一朵茉莉花, 白兰",,kaQvBedjRiyfaGBo,https://www.dianping.com/shop/kaQvBedjRiyfaGBo,茉莉奶白(上海宝杨宝龙广场店),奶茶
茉莉奶白(上海浦东国金中心店),连锁,有团购,4.6,1356,20,4.6,4.6,4.6,陆家嘴,茶饮果汁,浦东世纪大道8号LG2-6号铺位,30.88438775,121.4086477,10:00-22:00,"正山小种咸法酪, 一朵茉莉花, 栀子奶白",,G3UJuGBoKgJFyvHo,https://www.dianping.com/shop/G3UJuGBoKgJFyvHo,茉莉奶白(上海浦东国金中心店),奶茶
茉莉奶白(上海月浦世纪联华店),连锁,有团购,4.6,369,18,4.6,4.5,4.5,月浦镇,茶饮果汁,月浦镇德都路285号1层013555F01-013铺位,31.41915549,121.4314708,09:00-21:30,"茉莉奶白, 一朵茉莉花, 莓莓白巧米麻薯",,H11BS2bvcifU2sKe,https://www.dianping.com/shop/H11BS2bvcifU2sKe,茉莉奶白(上海月浦世纪联华店),奶茶
茉莉奶白(上海仲盛世界广场店),连锁,有团购,4.5,976,19,4.5,4.5,4.5,莘庄,茶饮果汁,莘庄镇都市路5001号地下一层22A,31.11564389,121.3950967,10:00-22:00,"茉莉奶白/一朵茉莉花, 白兰金萱/栀子金萱, 白兰",,l4JhoaRYH2RJaMpK,https://www.dianping.com/shop/l4JhoaRYH2RJaMpK,茉莉奶白(上海仲盛世界广场店),奶茶
CHAGEE霸王茶姬(宝山智慧湾科创园店),连锁,有团购,4.6,357,19,4.6,4.6,4.4,宝山区,茶饮果汁,蕰川路6号29幢1层103室,31.348886,121.440938,09:00-22:00,"春日桃桃, 青青糯米（中杯）, 花田乌龙",,H9CsvRnEVzjrXxzV,https://www.dianping.com/shop/H9CsvRnEVzjrXxzV,CHAGEE霸王茶姬(宝山智慧湾科创园店),纯茶
阿狗手打·手作(朱泾万安街店),连锁,有团购,4,51,11,3.9,4,4,朱泾镇,茶饮果汁,万安街559-1号,30.902734,121.174559,10:00-22:00,"海盐布蕾黑糖珍珠奶茶, 粉红芭乐柠檬水, 霸王杯·手打柠檬茶",,GapyoylOObjRysrb,https://www.dianping.com/shop/GapyoylOObjRysrb,阿狗手打·手作(朱泾万安街店),果茶
CHAGEE霸王茶姬(浦东机场S1航站楼店),连锁,有团购,4.7,1239,21,4.8,4.7,4.8,浦东机场/机场镇,茶饮果汁,浦东国际机场S1卫星厅国内禁区S1C-29-1（H119登机口背后星巴克旁边）,31.15747783,121.81509,06:00-21:00,"伯牙绝弦, 花田乌龙, 桂馥兰香",,k3whkqilK2M5JsQD,https://www.dianping.com/shop/k3whkqilK2M5JsQD,CHAGEE霸王茶姬(浦东机场S1航站楼店),纯茶
茉莉奶白(上海江桥万达店),连锁,有团购,4.2,1267,18,4.3,4.3,4.4,江桥万达广场,茶饮果汁,金沙江西路1051弄万达广场1层1007商铺,39.91207909,116.231898,09:00-22:00,"茉莉奶白, 茉莉奶白/一朵茉莉花, 粉茉针王/粉茉抹茶",,Ga0oK2EmlcGqgvmW,https://www.dianping.com/shop/Ga0oK2EmlcGqgvmW,茉莉奶白(上海江桥万达店),奶茶
茉莉奶白(上海森兰花园城店),连锁,有团购,4.3,259,19,4.3,4.3,4.3,高行,茶饮果汁,启帆路517号L136-2-2号商铺,31.320399,121.597649,09:00-22:00,"茉莉奶白/一朵茉莉花, 栀子奶白/一朵栀子花, 针王抹茶/白兰抹茶",,l1B9guuBG5b9UYgL,https://www.dianping.com/shop/l1B9guuBG5b9UYgL,茉莉奶白(上海森兰花园城店),纯茶
茉莉奶白(上海复地活力城店),连锁,有团购,4.5,590,19,4.6,4.5,4.5,御桥,茶饮果汁,沪南路2229号上海复地活力城B1-GD-002,30.18360569,121.2280018,10:00-22:00,"茉莉奶白/一朵茉莉花, 栀子奶白/一朵栀子花, 粉茉针王/粉茉抹茶",,lansbyXd7dl9wmTQ,https://www.dianping.com/shop/lansbyXd7dl9wmTQ,茉莉奶白(上海复地活力城店),奶茶
茉莉奶白(上海大丸百货店),连锁,有团购,4.5,2258,19,4.5,4.3,4.3,南京东路,茶饮果汁,南京东路228号新世界大丸百货B2楼B2F-02,31.24422597,121.4921103,10:00-22:00,"茉莉奶白, 一朵茉莉花, 粉茉针王",,jl4rynQ3TAMhHjsv,https://www.dianping.com/shop/jl4rynQ3TAMhHjsv,茉莉奶白(上海大丸百货店),奶茶
煲珠公·老红糖珍珠奶茶(嘉亭荟店),连锁,有团购,4.1,56,13,4.1,4.1,4.1,安亭嘉亭荟,茶饮果汁,安亭镇嘉亭荟城市生活广场北区嘉定区安亭镇曹安路5575号AT-110商铺地铁下面,31.29395489,121.1690216,10:00-22:00,"老红糖珍珠奶茶, 新港式珍珠奶茶, 珍珠青芒",,H5TSXqsXsghGdjfY,https://www.dianping.com/shop/H5TSXqsXsghGdjfY,煲珠公·老红糖珍珠奶茶(嘉亭荟店),奶茶
喜茶(上海松江万达广场店),连锁,有团购,3.7,378,19,3.8,3.9,4,松江万达广场,茶饮果汁,广富林路658弄室内1022号商铺靠近5号门,31.22049089,121.5758055,10:00-22:00,"多肉葡萄（首创）, 烤黑糖波波牛乳茶, 多肉青提",,H1cYBByudLnorWTB,https://www.dianping.com/shop/H1cYBByudLnorWTB,喜茶(上海松江万达广场店),果茶
茉莉奶白(上海中信泰富万达店),连锁,有团购,4.4,968,18,4.5,4.5,4.4,嘉定新城,茶饮果汁,胜辛路426号中信泰富万达广场地下1层26,31.33614966,121.261747,09:00-22:00,"茉莉奶白/一朵茉莉花, 永春佛手, 粉茉针王/粉茉抹茶",,G6kJq6sJUqwF3mDg,https://www.dianping.com/shop/G6kJq6sJUqwF3mDg,茉莉奶白(上海中信泰富万达店),纯茶
茶舞(上海青浦蟠龙天地店),连锁,有团购,4,1627,18,4.1,4,3.9,国家会展中心,茶饮果汁,蟠鼎路蟠龙市街PL-131室,31.235929,121.480539,10:00-21:30,"桂花乌龙·雪顶, 东方美人, 茉海澜山",,jo5ir3WdXsBQooTg,https://www.dianping.com/shop/jo5ir3WdXsBQooTg,茶舞(上海青浦蟠龙天地店),其他
太犇牛手作茶铺(上海奉贤城大路店),连锁,有团购,3.7,140,12,3.6,3.6,3.7,奉城镇,茶饮果汁,奉城镇城大路17号商铺,30.91067553,121.6533466,10:00-22:00,"蜜桃树莓柠, 桃与树莓, 超浓牛乳雪糕",,l5Qz5x6sAjTbOAlN,https://www.dianping.com/shop/l5Qz5x6sAjTbOAlN,太犇牛手作茶铺(上海奉贤城大路店),甜品/小吃
茉莉奶白(上海奉贤龙湖天街店),连锁,有团购,4.2,197,19,4.3,4.2,4.1,南桥,茶饮果汁,金海公路3800号A-1F-52,30.919245,121.503831,10:00-22:00,"栀子奶白, 一朵茉莉花, 茉莉粉芭乐",,k9JZTSjt4K4W9fI9,https://www.dianping.com/shop/k9JZTSjt4K4W9fI9,茉莉奶白(上海奉贤龙湖天街店),纯茶
茉莉奶白(上海真如环宇城MAX店),连锁,有团购,4,1139,19,4.2,4.2,4,真如,茶饮果汁,铜川路715弄上海真如环宇城MAX-B2009号铺（负二层近地铁口）,31.25952361,121.3970964,10:00-22:00,"茉莉奶白/一朵茉莉花, 粉茉针王/粉茉抹茶, 白兰金萱/栀子金萱",,l8T3W6ouLbEtL38K,https://www.dianping.com/shop/l8T3W6ouLbEtL38K,茉莉奶白(上海真如环宇城MAX店),纯茶
茉莉奶白(上海浦东金桥国际店),连锁,有团购,4.1,833,19,4.1,4.2,4,金杨地区,茶饮果汁,张杨路3611弄3号119室（金桥国际商业广场）,31.26293022,121.5854836,08:00-22:00,"茉莉奶白/一朵茉莉花, 粉茉针王/粉茉抹茶, 栀子奶白/一朵栀子花",,G6T03L3YcERwBCIN,https://www.dianping.com/shop/G6T03L3YcERwBCIN,茉莉奶白(上海浦东金桥国际店),奶茶
LINLEE林里·手打柠檬茶(龙湖金汇天街店),连锁,有团购,4.1,204,17,4.3,4.1,4,金汇镇,茶饮果汁,南行港路388号龙湖上海金汇天街B1-C05,31.03198088,121.421429,10:00-21:30,"特浓手打柠檬茶, 山茶花手打柠檬茶, 招牌霸王杯柠檬茶",,k59bWvD9gZOuQBGp,https://www.dianping.com/shop/k59bWvD9gZOuQBGp,LINLEE林里·手打柠檬茶(龙湖金汇天街店),果茶
母作(全国首店),连锁,有团购,3.7,1340,20,3.7,3.9,3.9,天山,茶饮果汁,天山路1111号1F（郑红玉楼下）,38.93316832,116.923502,10:00-22:00,"招牌莲子玉米麻薯水牛乳, 高香红茶水牛乳, 招牌打米麻薯",,l2WDgwqSopHSQjeZ,https://www.dianping.com/shop/l2WDgwqSopHSQjeZ,母作(全国首店),风味牛奶
茉莉奶白(上海临港万达店),连锁,有团购,4.3,208,18,4.3,4.3,4.2,滴水湖临港地区,茶饮果汁,鸿音路2555号上海临港万达广场1FYX-CX-PCD-107,30.90112233,121.9165131,10:00-22:00,"茉莉奶白, 一朵茉莉花, 栀子奶白",,l6tSTXCuhCQDzWjU,https://www.dianping.com/shop/l6tSTXCuhCQDzWjU,茉莉奶白(上海临港万达店),奶茶
茉莉奶白(上海环球港店),连锁,有团购,4.2,2928,19,4.3,4.2,4.1,月星环球港,茶饮果汁,中山北路环球港地下2层B2151号商铺（谭木匠对面）,31.24098378,121.4197603,10:00-21:30,"茉莉奶白, 一朵茉莉花, 栀子奶白",,G3wMLqsbuXfaWHud,https://www.dianping.com/shop/G3wMLqsbuXfaWHud,茉莉奶白(上海环球港店),奶茶
茉莉奶白(中集美兰湖金地广场店),连锁,有团购,4.1,466,19,4.2,4.1,4,美兰湖,茶饮果汁,美丹路中集美兰湖金地广场A馆负1层13号商铺,31.19464527,121.6119,10:00-22:00,"茉莉奶白, 栀子奶白, 一朵茉莉花",,G81HLqqL6pP8goyJ,https://www.dianping.com/shop/G81HLqqL6pP8goyJ,茉莉奶白(中集美兰湖金地广场店),奶茶
LELECHA乐乐茶(金山万达广场店),连锁,有团购,4.6,653,18,4.6,4.4,4.5,金山万达,茶饮果汁,龙皓路1098号金山万达1楼百1016室,30.7606938,121.3416013,10:00-21:30,"黑糖波霸脏脏茶（牛乳）, 草莓桃子酪酪, 杨枝甘露冰冰茶",,GaNJrAahsuQQFjS8,https://www.dianping.com/shop/GaNJrAahsuQQFjS8,LELECHA乐乐茶(金山万达广场店),奶茶
茉莉奶白(上海松江开元地中海店),连锁,有团购,4.3,674,18,4.4,4.4,4.4,开元地中海,茶饮果汁,新松江路925-927弄开元地中海1楼,31.24532839,121.3925153,10:00-22:00,"茉莉奶白, 一朵茉莉花, 粉茉针王",,G963Z978IhHevbkx,https://www.dianping.com/shop/G963Z978IhHevbkx,茉莉奶白(上海松江开元地中海店),奶茶
茉莉奶白(上海宝山花园城店),连锁,有团购,4.1,436,18,4.2,4.1,4.2,杨行镇,茶饮果汁,水产路2069号1L-55-1,31.374671,121.454541,10:00-22:00,"茉莉奶白, 栀子奶白, 一朵茉莉花",,jqLmtjKNCFEM73vz,https://www.dianping.com/shop/jqLmtjKNCFEM73vz,茉莉奶白(上海宝山花园城店),奶茶
阿狗手打·手作(金山枫泾古镇店),连锁,有团购,3.9,20,13,3.8,3.9,4,枫泾镇,茶饮果汁,枫泾镇中大街237号,30.89337631,121.0219806,09:30-22:00,"海盐布蕾黑糖珍珠奶茶, 霸王杯·手打柠檬茶, 超爽柠檬汁",,iMNaA3xsK4sG3kBU,https://www.dianping.com/shop/iMNaA3xsK4sG3kBU,阿狗手打·手作(金山枫泾古镇店),果茶
茉莉奶白(上海浦东LaLaport店),连锁,有团购,4,834,19,4.1,4,4.1,金桥,茶饮果汁,金桥路738号lalaport商场4楼424-425号,30.45285161,114.8769994,10:00-22:00,"茉莉奶白/一朵茉莉花, 粉茉针王/粉茉抹茶, 栀子奶白/一朵栀子花",,H1nPVmKr0nUi8OLg,https://www.dianping.com/shop/H1nPVmKr0nUi8OLg,茉莉奶白(上海浦东LaLaport店),奶茶
阿嬷手作(迪士尼小镇店),连锁,有团购,4.4,1153,28,4.3,4.2,4.3,迪士尼,茶饮果汁,迪士尼小镇,31.146189,121.667537,10:00-22:00,"打·米麻薯, 双重开心果雪糕, 斯里兰卡奶茶",,ka84KIi59XwTOE2z,https://www.dianping.com/shop/ka84KIi59XwTOE2z,阿嬷手作(迪士尼小镇店),奶茶
茉莉奶白(上海宝乐汇印象城店),连锁,有团购,4.4,411,19,4.4,4.2,4.2,宝山城区/吴淞,茶饮果汁,牡丹江路1569号B1层B131号铺位,31.405363,121.491847,10:00-22:00,"茉莉奶白, 一朵茉莉花, 一朵栀子花",,H83hE1dRu87FYb5i,https://www.dianping.com/shop/H83hE1dRu87FYb5i,茉莉奶白(上海宝乐汇印象城店),奶茶
OT另茶(上海南翔印象城店),连锁,有团购,3.9,217,22,3.8,3.9,3.9,南翔,茶饮果汁,南翔镇陈翔公路2299号4层04-05a号商铺,31.31127051,121.3120624,10:00-22:00,"雪域咸奶茶, 血橙茉莉鲜柠茶, 泰式冰茶",,H2XPFSE6QXyPFJ2M,https://www.dianping.com/shop/H2XPFSE6QXyPFJ2M,OT另茶(上海南翔印象城店),奶茶
茉莉奶白(上海浦江生活广场店),连锁,有团购,4.5,792,19,4.6,4.6,4.5,浦江镇,茶饮果汁,浦江镇江月路1850弄1-6号生活广场D座1层1F-D01-2商铺,31.08902989,121.511278,08:00-22:00,"茉莉奶白/一朵茉莉花, 粉茉针王/粉茉抹茶, 白兰",,l5sObhXIuugOj9pZ,https://www.dianping.com/shop/l5sObhXIuugOj9pZ,茉莉奶白(上海浦江生活广场店),纯茶
茉莉奶白(上海静安大悦城店),连锁,有团购,4.2,2508,19,4.1,4.2,4.2,苏河湾,茶饮果汁,西藏北路166号静安大悦城南座B1层B117号,31.24887583,121.4786561,10:00-21:30,"茉莉奶白, 一朵茉莉花, 粉茉针王/粉茉抹茶",,l9ZqFseZGzpbFbiv,https://www.dianping.com/shop/l9ZqFseZGzpbFbiv,茉莉奶白(上海静安大悦城店),纯茶
茉莉奶白(上海颛桥万达店),连锁,有团购,4.3,235,18,4.2,4.1,4.1,颛桥/北桥,茶饮果汁,都市路2700号颛桥万达1F1062,31.0737188,121.4051956,09:30-22:00,"茉莉奶白, 一朵茉莉花, 针王抹茶/白兰抹茶",,H6Xqe3L9ZVFvS26s,https://www.dianping.com/shop/H6Xqe3L9ZVFvS26s,茉莉奶白(上海颛桥万达店),纯茶
LELECHA乐乐茶(华泾龙湖天街店),连锁,有团购,4.2,555,19,4.1,4.1,4,春申地区,茶饮果汁,华泾路459号龙湖上海华泾天街1层A-1F-07号商铺（商场1楼1号门旁）,31.125494,121.461972,10:00-21:00,"草莓桃子酪酪, 黑糖波霸脏脏茶（牛乳）, 葡萄酪酪",,i7W4nPKLdXZtoi47,https://www.dianping.com/shop/i7W4nPKLdXZtoi47,LELECHA乐乐茶(华泾龙湖天街店),奶茶
茉莉奶白(上海松江万达店),连锁,有团购,4.5,264,18,4.4,4.3,4.2,松江万达广场,茶饮果汁,广富林路658弄松江万达广场1号门外广场,31.03264183,121.228926,08:30-22:30,"茉莉奶白, 一朵茉莉花, 粉茉针王",,l3rLMlFG54GKlXKe,https://www.dianping.com/shop/l3rLMlFG54GKlXKe,茉莉奶白(上海松江万达店),奶茶
KOI Thé(上海虹桥天地店),连锁,有团购,4.4,862,23,4.4,4.4,4.3,虹桥枢纽,茶饮果汁,申长路688号6层L6-06室,31.199,121.321899,10:00-22:00,"黄金珍奶, 饼干奶茶(原创）, 浆果乳酪果茶",,kaePr0BRP7haoZw8,https://www.dianping.com/shop/kaePr0BRP7haoZw8,KOI Thé(上海虹桥天地店),奶茶
茉莉奶白(上海宝山龙湖天街店),连锁,有团购,4.3,365,19,4.3,4.3,4.3,顾村公园,茶饮果汁,顾村镇丹霞山路50弄1号龙湖上海宝山天街B1-2-26号铺位,31.36394066,121.3693468,09:00-22:00,"茉莉奶白/一朵茉莉花, 栀子奶白/一朵栀子花, 茉莉奶白",,l52fIrUV6MoYmOOs,https://www.dianping.com/shop/l52fIrUV6MoYmOOs,茉莉奶白(上海宝山龙湖天街店),奶茶
去茶山(前滩太古里店),连锁,有团购,4.1,876,24,4.2,4.4,4.2,前滩,茶饮果汁,东育路500弄1-9号前滩太古里木区L4层W-L4-02,34.21682555,118.0276531,07:00-23:30,"干酪普洱, 芒果生椰贵州铜仁抹茶, 干酪抹茶鲜奶茶",,k5nwlH4U0giFwjFI,https://www.dianping.com/shop/k5nwlH4U0giFwjFI,去茶山(前滩太古里店),奶茶
茉莉奶白(上海合生汇店),连锁,有团购,4.1,2625,19,4.1,4.3,4.1,五角场/大学路,茶饮果汁,翔殷路合生国际广场B2-31B,31.30567702,121.5245214,10:00-22:00,"茉莉奶白, 一朵茉莉花, 开心果茉莉椰",,G1fCtOccLzWCPNSY,https://www.dianping.com/shop/G1fCtOccLzWCPNSY,茉莉奶白(上海合生汇店),纯茶
茉莉奶白(上海荟聚店),连锁,有团购,4.1,1080,19,4.1,4.3,4.1,北新泾/淞虹路,茶饮果汁,北翟路宜家荟聚购物中心LG1层B1C14,39.79443711,116.3323067,10:00-22:00,"茉莉奶白, 一朵茉莉花, 栀子奶白",,l8o2JtdeTB8ryHbd,https://www.dianping.com/shop/l8o2JtdeTB8ryHbd,茉莉奶白(上海荟聚店),奶茶
茉莉奶白(上海浦东曹路花园城店),连锁,有团购,4.4,608,19,4.3,4.3,4.2,曹路,茶饮果汁,顾唐路99号招商花园城负1层B1037铺,31.26924267,121.6651066,10:00-21:30,"茉莉奶白/一朵茉莉花, 粉茉针王/粉茉抹茶, 白兰金萱/栀子金萱",,G4J2zum5a8hoeomF,https://www.dianping.com/shop/G4J2zum5a8hoeomF,茉莉奶白(上海浦东曹路花园城店),纯茶
茉莉奶白(上海嘉亭荟店),连锁,有团购,4.2,957,18,4.3,4.2,4.1,安亭镇,茶饮果汁,墨玉南路嘉亭荟城市生活广场107室,31.29412669,121.1689001,08:00-22:00,"茉莉奶白, 一朵茉莉花, 一朵栀子花",,k7PYiJDEJdla1na3,https://www.dianping.com/shop/k7PYiJDEJdla1na3,茉莉奶白(上海嘉亭荟店),奶茶
tea'stone(蟠龙天地店),连锁,有团购,4.3,1199,53,4.1,4.4,4.1,国家会展中心,茶饮果汁,蟠鼎路123弄1号PL123室,31.2213423,121.4581522,10:00-22:00,"陈年白茶, 老树红茶, 碎银子",,G9W7UuYjemKmPsn6,https://www.dianping.com/shop/G9W7UuYjemKmPsn6,tea'stone(蟠龙天地店),纯茶
麦记牛奶公司(浦江欢乐颂店),连锁,有团购,4.4,251,21,4.4,4.5,4.4,浦江镇,茶饮果汁,浦锦街道陈行公路2699号131室,31.09992132,121.5114444,10:00-23:00,"麦麦大满贯, 芒果白雪黑糯米, 香芋黑米麻薯牛奶",,l3klUalnbheBj3Fl,https://www.dianping.com/shop/l3klUalnbheBj3Fl,麦记牛奶公司(浦江欢乐颂店),果茶
茉莉奶白(上海嘉定宝龙店),连锁,有团购,4.4,356,19,4.4,4.5,4.3,嘉定新城,茶饮果汁,阿克苏路1099号嘉定宝龙广场M2-F1-138-1,31.35120604,121.2670089,08:00-22:00,"茉莉奶白/一朵茉莉花, 柚花龙井 / 茉莉奶白, 白兰",,i39R1kjSKkb7ev8h,https://www.dianping.com/shop/i39R1kjSKkb7ev8h,茉莉奶白(上海嘉定宝龙店),奶茶
阿狗手打·手作(松江佘山宝乐汇店),连锁,有团购,3.9,56,9,3.9,3.9,3.9,佘山,茶饮果汁,佘月路27号17幢二层F208室,,,10:00-22:00,"月光黑糖珍珠, 海盐布蕾黑糖珍珠奶茶, 粉红芭乐柠檬水",,lawNNQyHA4l9duYm,https://www.dianping.com/shop/lawNNQyHA4l9duYm,阿狗手打·手作(松江佘山宝乐汇店),奶茶
奈雪的茶(松江万达店),连锁,有团购,4.1,2883,23,3.9,4.2,4.2,松江万达广场,茶饮果汁,广富林路658弄万达广场1楼1009号（近万达3号门）,39.91207909,116.231898,10:00-22:00,"霸气芝士草莓, 霸气榴莲王, 草莓魔法棒",,k2AvNp0fcCBpEonG,https://www.dianping.com/shop/k2AvNp0fcCBpEonG,奈雪的茶(松江万达店),其他
茉莉奶白(上海金山万安街店),连锁,有团购,4.4,88,19,4.4,4.5,4.3,朱泾镇,茶饮果汁,万安街604号-3,,,10:00-22:00,"茉莉奶白, 栀子奶白, 一朵茉莉花",,l8te2g6vpKrsMrIz,https://www.dianping.com/shop/l8te2g6vpKrsMrIz,茉莉奶白(上海金山万安街店),奶茶
LELECHA乐乐茶(飞航吾悦生活广场店),连锁,有团购,4.2,190,21,4.1,4.2,4.1,飞航广场,茶饮果汁,"飞航吾悦生活广场1F,1011铺",31.01549823,121.2128242,09:00-22:00,"黑糖波霸脏脏茶（牛乳）, 草莓桃子酪酪, 大口草莓桃",,l6mFhffBnC0Aydfx,https://www.dianping.com/shop/l6mFhffBnC0Aydfx,LELECHA乐乐茶(飞航吾悦生活广场店),奶茶
茉莉奶白(上海新天地店),连锁,有团购,4.2,1859,20,4.2,4.3,4.1,新天地/马当路,茶饮果汁,兴业路123弄新天地时尚购物中心一期3楼,31.22423653,121.4817022,10:00-22:00,"茉莉奶白, 一朵茉莉花, 粉茉针王/粉茉抹茶",,G1kPaROXhgzaw4ED,https://www.dianping.com/shop/G1kPaROXhgzaw4ED,茉莉奶白(上海新天地店),纯茶
Uniboba优尼波巴(上海闵行颛桥万达店),连锁,有团购,3.9,31,15,3.9,3.9,3.9,颛桥/北桥,茶饮果汁,都市路2700号颛桥万达广场1F,31.0737188,121.4051956,10:00-21:30,"Boba奶茶黑糖丸, 莉莉蜜桃冰奶, 抹茶牛乳咸法酪",,EF20484dsOamU2Jm,https://www.dianping.com/shop/EF20484dsOamU2Jm,Uniboba优尼波巴(上海闵行颛桥万达店),奶茶
茉莉奶白(上海七宝宝龙店),连锁,有团购,4.2,461,18,4.3,4.2,4,七宝,茶饮果汁,漕宝路3299号七宝宝龙城WGD-010/011-57B号,31.16309456,121.3624535,17.5,"茉莉奶白/一朵茉莉花, 针王抹茶/白兰抹茶, 粉茉针王/粉茉抹茶",,k1uWwaUi47rksKye,https://www.dianping.com/shop/k1uWwaUi47rksKye,茉莉奶白(上海七宝宝龙店),纯茶
日尝(松江大学城店),连锁,有团购,3.6,94,21,3.7,3.8,3.7,松江大学城,茶饮果汁,文汇路718号樱花广场1楼沿街商铺,39.92149348,116.540297,10:00-23:00,"开心果茉莉冰, 草莓大福, 比利时饼干奶茶",,k2ykPpbijKVE2VOO,https://www.dianping.com/shop/k2ykPpbijKVE2VOO,日尝(松江大学城店),奶茶
LELECHA乐乐茶(中集美兰湖金地广场店),连锁,有团购,4.2,391,18,4.2,4.3,4.1,美兰湖,茶饮果汁,美兰湖金地广场A馆B1层B1-25,31.40743963,121.3691142,10:00-22:00,"黑糖波霸脏脏茶, 大口草莓桃, 杨枝甘露冰冰茶",,FdC4RTcx3TtRL8mp,https://www.dianping.com/shop/FdC4RTcx3TtRL8mp,LELECHA乐乐茶(中集美兰湖金地广场店),奶茶
LELECHA乐乐茶(宝山日月光店),连锁,有团购,4.2,2048,20,4.1,4.1,4.1,彭浦镇,茶饮果汁,沪太路1933号宝山日月光H-109（近商场南区2号门）,40.27206107,116.250948,09:00-21:30,"黑糖波霸脏脏茶（牛乳）, 葡萄酪酪, 炉煮茉莉牛乳茶",,G4arVbOrOZt1Uawp,https://www.dianping.com/shop/G4arVbOrOZt1Uawp,LELECHA乐乐茶(宝山日月光店),奶茶
茉莉奶白(上海宝山日月光店),连锁,有团购,4.2,414,19,4.3,4.4,4.1,彭浦镇,茶饮果汁,沪太路1933号宝山日月光茉莉奶白bf-065/066,40.27206107,116.250948,10:00-21:30,"茉莉奶白/一朵茉莉花, 栀子奶白/一朵栀子花, 粉茉针王",,k4ExgFGzBNq3vNtT,https://www.dianping.com/shop/k4ExgFGzBNq3vNtT,茉莉奶白(上海宝山日月光店),奶茶
茉莉奶白(上海嘉定疁城新天地店),连锁,有团购,4.2,307,18,4.2,4.2,4.1,嘉定镇,茶饮果汁,嘉定镇街道塔城路283号-13,31.3894621,121.2628485,10:00-22:00,,,laTzakdKIxFk1MJf,https://www.dianping.com/shop/laTzakdKIxFk1MJf,茉莉奶白(上海嘉定疁城新天地店),其他
喜茶(上海佛罗伦萨小镇店),连锁,有团购,3.9,1218,20,4.1,3.9,3.7,浦东新区,茶饮果汁,祝桥镇卓耀路58弄佛罗伦萨小镇二期第一层N01单元商店,31.20012472,121.7716717,10:00-21:00,,,EQ6bjps7Sm9fWb0s,https://www.dianping.com/shop/EQ6bjps7Sm9fWb0s,喜茶(上海佛罗伦萨小镇店),其他
